1000
999
999
998
988
982
978
968
966
956
948
945
939
933
929
924
914
913
898
898
890
888
884
882
881
872
871
868
861
847
841
832
831
828
827
823
821
821
820
816
814
812
810
809
796
796
794
785
780
776
764
763
762
749
746
745
742
740
738
736
733
732
716
715
705
704
699
698
692
678
677
669
648
639
638
633
632
611
603
594
594
589
587
580
580
580
576
574
568
556
549
545
540
537
535
532
531
527
526
524
520
519
518
513
499
497
485
483
479
471
463
457
457
454
451
445
445
432
427
413
411
409
403
392
385
385
383
378
369
368
368
367
366
359
349
346
343
338
327
327
318
317
290
288
278
278
278
270
268
266
260
241
236
234
230
227
227
224
216
213
197
195
193
187
186
175
172
151
146
135
132
126
120
118
118
117
108
101
101
99
81
80
77
77
77
77
60
59
59
58
56
38
30
27
25
24
17
16
4
1
