1000
1000
999
999
998
991
990
988
982
979
979
978
977
973
968
966
965
956
948
947
945
939
933
929
924
914
913
910
905
898
898
890
890
888
884
882
881
875
872
871
868
862
861
856
850
847
847
845
844
841
840
832
831
830
828
827
826
823
822
821
821
820
816
814
814
812
812
810
809
805
804
800
796
796
794
785
782
781
780
778
776
764
763
762
757
754
751
749
746
745
742
742
740
738
736
733
733
732
730
727
726
721
716
715
714
712
712
711
705
705
704
699
698
692
678
677
669
668
662
661
653
648
647
643
641
639
638
637
633
632
628
619
611
610
609
609
603
601
594
594
589
587
586
585
585
580
580
580
580
576
574
572
568
562
556
549
545
543
541
540
540
537
535
535
532
531
527
526
525
524
520
519
518
513
509
499
498
497
490
490
485
483
481
479
476
475
471
465
465
463
457
457
454
454
454
451
445
445
443
443
442
439
439
436
432
431
430
430
430
428
428
427
413
411
409
403
392
388
388
385
385
383
382
379
379
378
372
372
369
368
368
367
367
367
366
359
356
349
349
349
349
349
346
343
338
334
334
327
327
319
319
318
318
318
317
311
311
299
299
298
298
290
288
278
278
278
272
272
270
268
266
260
258
243
241
239
236
234
234
230
227
227
224
219
219
216
216
213
201
197
195
193
187
186
185
178
175
173
172
164
160
152
151
146
140
135
134
132
126
120
118
118
118
117
115
115
108
104
102
101
101
99
81
80
77
77
77
77
76
67
60
59
59
58
57
56
38
30
28
27
25
24
24
20
19
17
16
12
4
1
