861
236
945
611
378
820
527
638
108
278
812
427
403
227
132
762
195
463
25
594
349
409
898
587
227
913
669
392
749
367
526
540
77
841
413
871
118
59
999
59
933
80
172
716
4
343
117
924
81
821
823
27
270
545
677
699
794
186
499
385
520
785
549
318
740
978
556
77
732
327
914
968
742
77
764
471
454
77
733
531
288
445
890
884
580
146
589
948
832
135
101
16
535
872
216
411
230
58
151
780
882
966
24
56
956
479
633
278
38
1
810
580
648
828
483
497
101
278
118
175
485
827
126
738
451
580
809
594
327
241
999
187
338
368
224
736
814
383
445
715
60
763
939
678
457
929
346
120
519
17
317
568
213
537
745
260
524
847
385
268
632
796
532
816
30
639
881
888
831
432
1000
368
705
193
290
998
99
366
457
746
266
513
692
698
821
704
518
369
197
868
898
982
234
359
603
576
988
776
796
574
712
19
367
12
662
754
430
115
535
24
219
334
102
76
319
714
890
609
973
298
585
372
757
201
653
173
239
465
272
844
840
540
812
178
349
57
234
164
134
726
443
601
585
711
910
272
705
562
454
379
847
619
67
1000
643
641
525
490
299
850
243
730
947
219
668
814
160
118
388
258
152
804
875
318
428
439
800
185
311
349
781
845
822
586
965
216
977
140
862
572
727
661
115
28
543
751
104
647
905
20
442
22
509
712
782
541
155
4
826
628
99
179
89
123
580
721
991
856
382
4
979
431
805
356
45
143
733
742
475
297
830
979
476
436
610
481
183
430
14
18
156
125
498
990
80
113
778
609
154
637